               10314261109                                    
 11112  0  0.1110308232108                                    
   11      0  0203  241108                                    
   11      0  1203  251108                                    
   1       0   10310251107                                    
   1       0.1 10313251108                                    
   1       0.1 10313241108                                    
 1 1 0     0   10305252110                                    
   11      0  010306211108                                    
   11      0  010306251109                                    
               204  271110                                    
               204  312110                                    
 11 13.50     011804232107                                    
    1         111208221108                                    
    1         010308221108                                    
 11110  0.10  412215302108                                    
 111 0  0  0   11706222105                                    
               11704211105                                    
 1 1 0     0   11202222108                                    
   1       0   11605232105                                    
   1       0   11705222105                                    
 11112  0  0  111707232110                                    
 1 1 0     0   10312272107                                    
 1 1 1     0   11915272110                                    
 1 1 0     0   203  261109                                    
   1       0   10305221107                                    
   1       0   11904201208                                    
   11      0  110308252110                                    
 1   2         321    2107                                    
 111 0  0  0   10403222107                                    
   1       2   11606221108                                    
   1       0   10302202209                                    
               11605232108                                    
   1       0   10405221108                                    
   1       0   10405232109                                    
 1 1 0     0.1 10405252105                                    
   1       0   12203222108                                    
 1  10        011902282202                                    
   1       0   12108242107                                    
    1         111306261108                                    
   1       0.2 10303222105                                    
   1       0   10304252110                                    
  11    0  0.1 10304252107                                    
               11302232110                                    
 111 0  0  0   10406222208                                    
   1       0   10406232205                                    
   1       0   10405252210                                    
   1       0   10306271105                                    
   1       0   10307292105                                    
   1       0   11611252107                                    
   1       0   12203222108                                    
   1       0   11204241107                                    
 111 0.10  0   11806232208                                    
   1       0   11808242207                                    
   11      0  011916262110                                    
               225  272108                                    
   1       0.1 11104221107                                    
 111 0  0  0   10403232105                                    
   1       0   10305212110                                    
   1       0.1 10301202110                                    
   1       0   10302191109                                    
   11      0  111104262105                                    
               12104211105                                    
   1       0   10403212105                                    
 1 1 0     0   11305242105                                    
 1 112     0  110306211108                                    
   11      0  011301222107                                    
               11104211110                                    
   1       0   12409251107                                    
               11404221108                                    
 1 1 0.5   0   11915282110                                    
   1       0   11209231104                                    
 11115  0  0  1221  301107                                    
 11110.10  0  1217  322107                                    
 1 1 0     0   222  292207                                    
   1       0   11902221207                                    
   1       0   11905312108                                    
 1 110     0  0212  281209                                    
   1       0   10305232108                                    
 1 1 0     0   11208221110                                    
   1       0   11904221205                                    
 111 0  0  0   11802202110                                    
 11113  0  6  111802212109                                    
 1 110.5   0  011802202109                                    
   1       0   10312241108                                    
   1       0   10506211206                                    
 1 1 0     0   11812262208                                    
   1       0   219  282110                                    
   11      0  111308231110                                    
 1   0         11206211108                                    
 1 110     0  111802202209                                    
   1       0   11802201109                                    
 111 0  0  0   11202192206                                    
 1 1 0     0   11202212108                                    
   1       0   11104211110                                    
 1 1 0     0   11802202107                                    
   1       0   12107251107                                    
   1       0   12107242105                                    
   1       0   11205232105                                    
   1       0   10403232206                                    
   1       0   10407232204                                    
   1       0   12404241109                                    
   1       0   11203211108                                    
   1       0   11608242108                                    
               11611262108                                    
               11612252107                                    
   11      0  011313302108                                    
   1       0   11502201108                                    
               11401282105                                    
 1 1 0     0   11202242108                                    
               11303222207                                    
   1       0   11306221105                                    
   11      0  011406232108                                    
   11      0  011203221107                                    
   11      0  011406232107                                    
   1       0   11303222109                                    
   1       0   11303211108                                    
   1       0   11606221108                                    
   1       0   11606221106                                    
   1       0   11606271109                                    
   1       0   11606232104                                    
               11306242110                                    
   1       0   11306251108                                    
   1       0   11302201110                                    
   1       0   11304211110                                    
               11604211107                                    
   1       0   11603241110                                    
               11604241110                                    
               11305241108                                    
               11302201109                                    
   1       0   4    181108                                    
 111 0  0  0   10306232107                                    
 1 1 0.5   0   12112251109                                    
   11      0  111606232108                                    
   1       0   4    382110                                    
               11608221109                                    
 11110  0  0.1112106252106                                    
   11      0  011710272105                                    
    1         111204232109                                    
   1       0   11106231108                                    
   1       0   11106231109                                    
               12416271207                                    
  11    0  0   12218311108                                    
   1       0   12410261110                                    
 1 1 0.2   0.5 12204251110                                    
 11110  0  0  111206222108                                    
 1 1 0     0   11407231110                                    
   1       0   11506231110                                    
   11      0  111209302108                                    
   11      0.1011610262109                                    
 111 0  0  0   11210252110                                    
   1       0   11202202110                                    
   1       0   11907291109                                    
   1       0   11610251106                                    
   1       0   10405231106                                    
   11      0  111906221107                                    
 111 0  0  0   12104242105                                    
   1       0   12104211106                                    
 1 1 0     0   10306251108                                    
   1       0.5 10306231110                                    
 111 0  0  0   12105222106                                    
               10316282109                                    
 1 1 0     0   10316282107                                    
   1       0   403  282107                                    
   1       0   10306251109                                    
   1       0   4    292110                                    
   1       0   4    251107                                    
 1 1 0     0   10305272105                                    
  11    0  0   10304222110                                    
   1       0.1 10304211109                                    
   1       0   10306231207                                    
   1       0   10306221108                                    
   1       0   10306242103                                    
   1       0.5 10310261110                                    
   1       0   10310241110                                    
   1       0   10310271108                                    
 1 1 0.1   0   10312292110                                    
   1       0   10307222107                                    
   1       0   10306252106                                    
   1       0   10310252108                                    
 111 0  0  0.2 10302202109                                    
               11107242105                                    
   1       0   11202212108                                    
  111   0  0  411608311108                                    
 111 0  0  0   10302242206                                    
 1 1 0     0   10304232108                                    
   11      0  010308252108                                    
 1 1 0     0   10304222110                                    
 1 1 0     0   10304211110                                    
   1       0   10407242108                                    
   1       0   10305231108                                    
 1 1 0     0   10303212208                                    
   1       0   10303242208                                    
   1       0   10404231103                                    
   1       0.1 10404231103                                    
   1       0   10302212205                                    
   1       0   10302202207                                    
 1 1 0.1   0   11402272110                                    
               10310241110                                    
 1 110.2   0  110310262108                                    
 1   0.2       10310251107                                    
 111 0  0  0   10306242208                                    
 1 1 0     0   10304211109                                    
 111 1  0  0   221  342110                                    
   1       0   11606271110                                    
 111 0  0.50.5 10304212110                                    
 1 1 0     0   10303222107                                    
 1 1 0     0   203  312108                                    
   1       0   10315282109                                    
   1       0   10312282106                                    
   1       0.2 10314282107                                    
 11110.10  2  110306232109                                    
 1 1 0     0.1 10305232105                                    
   1       0   10305221110                                    
   1       0   11913272210                                    
   1       0   203  302203                                    
   1       0   11106242108                                    
 1 1 0     0   10304222208                                    
   1       0   10304222108                                    
   1       0.2 1  03042108                                    
   1       0   10305241105                                    
   11      0  110305222108                                    
               10305232107                                    
 1 1 0     0.1 11704222105                                    
 1 1 0     0.1 11704211108                                    
 1 1 1     0   11404201108                                    
 11110  0  0  111304211109                                    
 1 110.1   0  111808272207                                    
   1       0   11306232205                                    
   1       0   11706222208                                    
               11706292210                                    
   1       0   11706222208                                    
   1       0   10405262104                                    
               10405232104                                    
 111 0  0  0   10410251208                                    
   1       0   12202211107                                    
   1       0   12506211200                                    
   1       0   12102222107                                    
   1       0   11406221108                                    
   1       0   11806252107                                    
   1       0   11106302110                                    
   1       0   10306232107                                    
   1       0   10305232104                                    
   1       0   10306232108                                    
   1       0   10307231108                                    
   1       0   403  252205                                    
   1       0   11818272206                                    
 1 110.1   0  010304202106                                    
 1 1 0     0   11130402108                                    
 1 1 0     0   10410252208                                    
 11110.50  0  110311272110                                    
 1 1 0     0   11514281108                                    
 11  10 0      219  342208                                    
   1       0   10304222110                                    
   1       0   10304222108                                    
   1       0   11206242110                                    
   11      0  041817272209                                    
 1 1 0     0   218  282205                                    
 1 1 0     0   12126311107                                    
 1 1 0     0   12112272208                                    
 1 110     0  111209252108                                    
   1       0   10204212109                                    
   1       0   10204242108                                    
               11105241105                                    
   1       0   10301212208                                    
   1       0   10301212208                                    
   1       0   10301212100                                    
   1       0   10301212106                                    
   1       0   11405231108                                    
   1       0   11225351105                                    
   1       0   11310261208                                    
  11    0  0   4    282107                                    
   11      0  010403351108                                    
               218  312210                                    
               11214312206                                    
   1       0   11206232108                                    
   1       0   10301212107                                    
    1         011110262110                                    
 1 1 0     0.1 11901202108                                    
   1       0   11901201110                                    
   1       0   11901241110                                    
  11    0  0   12208262108                                    
  1 1   0     111701232106                                    
               11703242108                                    
               1  04272108                                    
               11101312200                                    
   1       0   11903232104                                    
    1         011204231108                                    
   1       0   11214272109                                    
   1       0   10402232104                                    
 1 1 0     0   10402201107                                    
               11202431103                                    
 1 1 0     0   11202232108                                    
   1       0   11910291207                                    
   1       0   11910311209                                    
 1 1 0     0   10402201106                                    
   11      0  1216  281110                                    
 111 0  0  0   11604282110                                    
   1       0   11612271110                                    
   1       0   11605251108                                    
   1       0   11602232106                                    
   1       0   11605241107                                    
               11602231107                                    
  111   3  1  111210262110                                    
 1 1 0     0   12105241203                                    
 11110.20  0  411902222109                                    
               11902201206                                    
   1       0   10307232109                                    
               10307232108                                    
 111 0  0  0   10307262110                                    
               10102212108                                    
   1       0   12202282102                                    
 111 0  0  0   12104222209                                    
   1       0   12103252207                                    
   1       0   12103301108                                    
   1       0   10306231207                                    
   1       0   10306221109                                    
   1       2   10304221109                                    
   1       0   11204241109                                    
 1 1 0     0   10309312109                                    
 1 1 0     0   10309262108                                    
 111 0  0  0   11202232108                                    
   1       0   11307231110                                    
   1       0   12106221110                                    
 11112  0  0  311806221110                                    
               10405221108                                    
 1 112     0  011106232208                                    
   1       0   4    341107                                    
 1 1 0     0   11910252108                                    
   1       0   11514261208                                    
   1       0   10211251108                                    
   1       0   12607242108                                    
               12206231107                                    
               11209252107                                    
 1 1 0     0.1 11208231108                                    
               11608241110                                    
 1   4         11804262210                                    
   1       0   10308262106                                    
   1       0   11208231107                                    
   1       0   10308261107                                    
 1 110     0  010306272109                                    
   1       0   11610251110                                    
   1       0   11607241110                                    
   1       0   11609241110                                    
   11      0  1316    2108                                    
               316    2205                                    
   1       0   11303212104                                    
   1       0   10304232109                                    
               10314302107                                    
   1       0   10312272105                                    
 1 110     0  010306232107                                    
   1       0   10305232107                                    
 1 110     0  010306232107                                    
 1 1 0     0   10304232106                                    
 11115  0  0  420322322108                                    
 111 0  0  0   4    342107                                    
 1 1 0     0   20324312107                                    
 1 1 0     0   10301242106                                    
 1 1 1     0   10301212107                                    
 1   0         10301202100                                    
 1 1 0     0   10301222110                                    
 1 1 0.5   0   10301212105                                    
   1       0   12212392109                                    
   1       0   11603212107                                    
   1       0   11704262203                                    
   1       2   11704  2104                                    
   1       0   10407261110                                    
 1   0         11707241210                                    
   1       0   10307242105                                    
 1 1 0     0   10305231108                                    
   1       0   10308241109                                    
   1       0   11606232109                                    
 1 1 0     0   10402222109                                    
   11      0  010401201110                                    
 1 1 0.5   0   11815282103                                    
               11819312107                                    
  11    0  0.5 11822322108                                    
   11      0  010402292108                                    
   1       0   10402191106                                    
               10402201108                                    
 1 1 0     0   10402202205                                    
   1       0   10307272108                                    
    1         112112242210                                    
   1       0   12114282209                                    
               10306231202                                    
   1       0   10406262103                                    
   1       0   12108251106                                    
   1       0   10402201201                                    
 1 1 0     0   10402212100                                    
   1       0.5 11102311110                                    
   1       0   11601212107                                    
               11302201105                                    
   1       0   11405241107                                    
 111 0  0  0   12210252110                                    
               11302241106                                    
  1 1   0     011301221108                                    
               11102201108                                    
               11102201108                                    
   1       0   11608262110                                    
   1       0   11401201106                                    
   1       0   11412261109                                    
   1       0   11610521110                                    
   11      0  1213  312110                                    
 11113  0  0.1011302191109                                    
 1 1 0     1   11511251107                                    
   1       0   10410252200                                    
   11      0  111307231110                                    
   1       0   11306261110                                    
 1 1 0.1   0   11808262108                                    
               11209251110                                    
 111 0  0  0   11806232108                                    
 1 1 0     0   11711262107                                    
   1       0   11903211206                                    
   1       0   10405251205                                    
               10405221107                                    
   1       0   10405221107                                    
 111 0  0  0   212  322110                                    
               11902211107                                    
   1       0   11602221107                                    
   1       0   10404222207                                    
   1       0   11520261104                                    
   1       0   11510251109                                    
   1       0   10403211108                                    
 1 1 0     0   11706242208                                    
 1 1 0     0   11804202208                                    
   1       0   11104232105                                    
   1       0   11104232106                                    
   1       0   10402212205                                    
   1       0   10402222205                                    
   1       0   12612251205                                    
   1       0   11805232109                                    
               11206231108                                    
               12202232102                                    
   1       0   12602242108                                    
 1  10        1203  292206                                    
 1   0.2       203  282208                                    
                0304202105                                    
   1       0   10306272107                                    
 11110.50  0  110307252108                                    
               11403222105                                    
 1 1 0     0   11208262106                                    
   1       0   10408232203                                    
               10406252202                                    
 1 1 0     0   11410262106                                    
   1       0   10310312104                                    
 11111  1  0  110306242110                                    
   1       0   12109282106                                    
 11110  0  0  110308252108                                    
   1       0   10408232203                                    
 1 1 0     0   10310252106                                    
 11110.50  0  111212262109                                    